    1     0
   113    38
    88    63
    88    63
   113    63
   113    63
   113    63
   113    63
    75    75
    75    75
    75    75
    75    75
   100    75
   100    75
   100    75
   100    75
    75    88
    75    88
    75    88
    75    88
    75    88
   100    88
   100    88
   100    88
   100    88
   100    88
    50   100
    50   100
    50   100
    50   100
    75   100
    75   100
    75   100
    75   100
   100   100
   100   100
   100   100
   100   100
    50   125
    50   125
    50   125
    50   125
    75   125
    75   125
    75   125
    75   125
   100   125
   100   125
   100   125
   100   125
    75   138
    75    88
    75   138
    75   138
    75   150
    75   150
    75   150
    75   150
   100   150
   100   150
   100   150
   100   150
    55   168
    55   168
    55   168
    55   168
    75   175
    75   175
    75   175
    75   175
   100   175
   100   175
   100   175
   100   175
   100   175
   100   175
   100   175
   100   175
   100   175
   100   175
   100   175
   100   175
   100   175
   100   175
   100   175
   100   175
   100   175
   100   175
   100   175
   100   175
   100   175
   100   175
   100   175
   100   175
   100   175
   100   175
   100   175
   100   175
   100   175
   100   175
   100   175
